
command during status

ff ff 08 40 00 00 00 00 00 73 bb 87 01
ff ff 0c 40 00 00 00 00 00 01 5d 1f 00 01 ca bb 9b
ff ff 08 40 00 00 00 00 00 05 4d 61 80
ff ff 08 40 00 00 00 00 00 09 51 64 80
command sequence during hard reset

ff ff 43 40 00 00 00 00 00 02 6d 01 01 30 30 03 00 00 00 20 04 03 05 01 00 01 02 30 00 00 00 00 0a 0f 08 14 05 05 06 05 04 1a 04 1a 04 1a 00 00 00 00 00 00 00 00 00 00 00 00 00 00 00 00 00 00 00 00 00 00 00 5b 64 61
ff ff 12 40 00 00 00 00 00 04 0f 5a 00 00 00 00 00 00 00 00 bf 0a 33
ff ff 08 40 00 00 00 00 00 05 4d 61 80
ff ff 43 40 00 00 00 00 00 06 6d 01 01 30 30 03 00 00 00 20 04 03 05 01 00 01 02 30 00 00 00 00 0a 0f 08 14 05 05 06 05 04 1a 04 1a 04 1a 00 00 00 00 00 00 00 00 00 00 00 00 00 00 00 00 00 00 00 00 00 00 00 5f 94 65
answer sequence during hard reset

ff ff 22 40 00 00 00 00 00 f7 01 03 01 08 00 01 00 00 00 00 03 00 02 06 01 00 01 00 02 00 03 04 00 02 19 00 98 42 e0
ff ff 08 40 00 00 00 00 00 73 bb 87 01
ff ff 0a 40 00 00 00 00 00 01 4d 01 99 b3 b4
command(s) during idle

ff ff 08 40 00 00 00 00 00 05 4d 61 80
ff ff 12 40 00 00 00 00 00 74 0f 5a 00 00 00 00 00 00 00 00 2f cb 99
ff ff 43 40 00 00 00 00 00 02 6d 01 01 30 30 03 00 00 00 20 04 03 05 01 00 01 02 30 00 00 00 00 0a 0f 08 14 05 05 06 05 04 1a 04 1a 04 1a 00 00 00 00 00 00 00 00 00 00 00 00 00 00 00 00 00 00 00 00 00 00 00 5b 64 61
answer(s) during idle
